# Tcal Ecal ombh2 omch2 cosmomc_theta logA ns tau nrun nrunrun A_act P_act
7.321289263144898764e-06 -2.933859063354270925e-06 5.243188985403897707e-09 -1.711721034172306112e-07 2.472691378625561569e-10 6.230463000646978519e-06 1.408416242628769267e-06 -7.266362427330289038e-07 -1.085042803116928647e-07 -1.296458628064836404e-06 3.867097216538484108e-06 1.901007230596826466e-07
-2.933859063354270925e-06 1.632668592662190417e-05 -1.817528938037722304e-08 -3.355692029746397812e-07 1.495877383501263700e-10 3.110774605295852969e-06 8.365206576145235977e-07 -3.633564663621482328e-07 -2.216110960148717596e-06 -2.966841878970101533e-06 2.042844862262138117e-06 3.148117610363226589e-07
5.243188985403897707e-09 -1.817528938037722304e-08 1.101870075931375823e-08 -4.033328985249581087e-08 3.548181049646678014e-11 2.717506679096669762e-07 9.725812043744555488e-08 1.260511147309731925e-07 -2.391752067144693020e-07 -1.783314707159193622e-07 1.986335290263293136e-08 -1.476417800564289004e-08
-1.711721034172306112e-07 -3.355692029746397812e-07 -4.033328985249581087e-08 1.287695494327618721e-06 -6.143810899748079023e-10 -9.664262490384209952e-07 -3.167138069527211577e-06 -1.834658227507340514e-06 2.712774521852611400e-07 1.873960438744081632e-06 -2.765636740085158271e-07 -2.405862298578330852e-07
2.472691378625561569e-10 1.495877383501263700e-10 3.548181049646678014e-11 -6.143810899748079023e-10 5.476567073324708729e-12 1.504717305214083483e-09 2.153221325834697351e-09 1.247105133520742765e-09 -1.485309986558803780e-11 -7.512946360116469213e-10 7.630344249894969154e-11 2.987615122051935292e-10
6.230463000646978519e-06 3.110774605295852969e-06 2.717506679096669762e-07 -9.664262490384209952e-07 1.504717305214083483e-09 1.769203005959670157e-04 -3.973169834989024443e-06 7.609387826974998146e-05 -1.476491214642595984e-05 2.557343812440055641e-05 1.029936215834617153e-05 -3.362227555157508612e-07
1.408416242628769267e-06 8.365206576145235977e-07 9.725812043744555488e-08 -3.167138069527211577e-06 2.153221325834697351e-09 -3.973169834989024443e-06 2.011085523541628487e-05 2.363721525864191683e-06 -6.635186379274242427e-06 -2.440094302821914292e-05 3.532210013585613953e-07 1.109188297881500741e-06
-7.266362427330289038e-07 -3.633564663621482328e-07 1.260511147309731925e-07 -1.834658227507340514e-06 1.247105133520742765e-09 7.609387826974998146e-05 2.363721525864191683e-06 4.037246245227392948e-05 -4.291675412254134540e-06 1.146942310953150440e-05 -6.718595378764871914e-07 -6.497391677334082577e-08
-1.085042803116928647e-07 -2.216110960148717596e-06 -2.391752067144693020e-07 2.712774521852611400e-07 -1.485309986558803780e-11 -1.476491214642595984e-05 -6.635186379274242427e-06 -4.291675412254134540e-06 3.164347884771688503e-05 2.198742732028079202e-05 -5.799822624640985459e-07 -7.218391482179666080e-07
-1.296458628064836404e-06 -2.966841878970101533e-06 -1.783314707159193622e-07 1.873960438744081632e-06 -7.512946360116469213e-10 2.557343812440055641e-05 -2.440094302821914292e-05 1.146942310953150440e-05 2.198742732028079202e-05 7.661976640018228278e-05 -7.959080626156081892e-07 -1.370304627464029409e-06
3.867097216538484108e-06 2.042844862262138117e-06 1.986335290263293136e-08 -2.765636740085158271e-07 7.630344249894969154e-11 1.029936215834617153e-05 3.532210013585613953e-07 -6.718595378764871914e-07 -5.799822624640985459e-07 -7.959080626156081892e-07 6.273778643111149888e-06 -1.089634210575227217e-07
1.901007230596826466e-07 3.148117610363226589e-07 -1.476417800564289004e-08 -2.405862298578330852e-07 2.987615122051935292e-10 -3.362227555157508612e-07 1.109188297881500741e-06 -6.497391677334082577e-08 -7.218391482179666080e-07 -1.370304627464029409e-06 -1.089634210575227217e-07 6.159637804150682701e-06
